2020 04 06 13 30 17 30
46
19125021
20010219
Nguyen Thanh Dat
2001 02 19
1
0
0
0
0
1
0
0
0
0
0
0
0
0
0
19125024
20010926
Mai Quoc Khanh
2001 09 26
1
0
0
0
0
0
0
0
0
0
0
0
0
0
0
19125026
20011001
Le Tran Hoang Lam
2001 10 01
1
0
0
0
0
0
0
0
0
0
0
0
0
0
0
19125034
20011011
Cao Thien Tri
2001 10 11
1
0
0
0
0
0
0
0
0
0
0
0
0
0
0
19125036
20011130
Truong Hoang Vu
2001 11 30
1
0
0
0
0
0
0
0
0
0
0
0
0
0
0
19125039
20010621
Dinh Dang Dinh
2001 06 21
1
0
0
0
0
0
0
0
0
0
0
0
0
0
0
19125047
20010127
Bui Quang Huy
2001 01 27
1
0
0
0
0
0
0
0
0
0
0
0
0
0
0
19125049
20010119
Vuong Hy
2001 01 19
1
0
0
0
0
0
0
0
0
0
0
0
0
0
0
19125054
20010620
Quach Minh Khoi
2001 06 20
1
0
0
0
0
0
0
0
0
0
0
0
0
0
0
19125059
20010604
Trinh Van Minh
2001 06 04
1
0
0
0
0
0
0
0
0
0
0
0
0
0
0
19125060
20010120
Nguyen Thanh Ngan
2001 01 20
1
0
0
0
0
0
0
0
0
0
0
0
0
0
0
19125076
20011207
Nguyen Phu Van
2001 12 07
1
0
0
0
0
0
0
0
0
0
0
0
0
0
0
19125077
20010308
Pham Quang Vu
2001 03 08
1
0
0
0
0
0
0
0
0
0
0
0
0
0
0
19125080
20010115
Duong Bao Chan
2001 01 15
1
0
0
0
0
0
0
0
0
0
0
0
0
0
0
19125083
20010504
Thai Ngoc Thanh Dat
2001 05 04
1
0
0
0
0
0
0
0
0
0
0
0
0
0
0
19125084
20010109
Tran Hai Anh Dien
2001 01 09
1
0
0
0
0
0
0
0
0
0
0
0
0
0
0
19125087
20010801
Vo Khuong Duy
2001 08 01
1
0
0
0
0
0
0
0
0
0
0
0
0
0
0
19125089
20011028
Pham Thi Ngoc Ha
2001 10 28
1
0
0
0
0
0
0
0
0
0
0
0
0
0
0
19125091
20011122
Nguyen Hoang Hieu
2001 11 22
1
0
0
0
0
0
0
0
0
0
0
0
0
0
0
19125094
20010123
Nguyen Cung Hoang Huy
2001 01 23
1
0
0
0
0
0
0
0
0
0
0
0
0
0
0
19125095
20010513
Phan Dinh Huy
2001 05 13
1
0
0
0
0
0
0
0
0
0
0
0
0
0
0
19125098
20010614
Nguyen Dinh Khanh
2001 06 14
1
0
0
0
0
0
0
0
0
0
0
0
0
0
0
19125099
20010315
Duong Van Khoa
2001 03 15
1
0
0
0
0
0
0
0
0
0
0
0
0
0
0
19125100
20010923
Ta Ngoc Minh Khoa
2001 09 23
1
0
0
0
0
0
0
0
0
0
0
0
0
0
0
19125101
20010925
Nguyen Truong Lam
2001 09 25
1
0
0
0
0
0
0
0
0
0
0
0
0
0
0
19125104
20010716
Pham Thien Long
2001 07 16
1
0
0
0
0
0
0
0
0
0
0
0
0
0
0
19125106
20010821
Huynh Tuan Luc
2001 08 21
1
0
0
0
0
0
0
0
0
0
0
0
0
0
0
19125111
20010403
Tran Minh Nhut
2001 04 03
1
0
0
0
0
0
0
0
0
0
0
0
0
0
0
19125114
20010201
Nguyen Lam Vinh Phu
2001 02 01
1
0
0
0
0
0
0
0
0
0
0
0
0
0
0
19125115
20010903
Dinh Duy Phuoc
2001 09 03
1
0
0
0
0
0
0
0
0
0
0
0
0
0
0
19125116
20011008
Le Chau Nhat Quang
2001 10 08
1
0
0
0
0
0
0
0
0
0
0
0
0
0
0
19125117
20010424
Nguyen Duy Anh Quoc
2001 04 24
1
0
0
0
0
0
0
0
0
0
0
0
0
0
0
19125118
20010208
Nguyen Hoang Son
2001 02 08
1
0
0
0
0
0
0
0
0
0
0
0
0
0
0
19125120
20011231
Nguyen Cong Tai
2001 12 31
1
0
0
0
0
0
0
0
0
0
0
0
0
0
0
19125121
20010123
Nguyen Duc Thang
2001 01 23
1
0
0
0
0
0
0
0
0
0
0
0
0
0
0
19125123
20010504
Nguyen Minh Thu
2001 05 04
1
0
0
0
0
0
0
0
0
0
0
0
0
0
0
19125124
20010408
Nguyen Van Tien
2001 04 08
1
0
0
0
0
0
0
0
0
0
0
0
0
0
0
19125125
20011102
Ho Ngoc Ton
2001 11 02
1
0
0
0
0
0
0
0
0
0
0
0
0
0
0
19125128
20011113
Vu Ngoc Tuan
2001 11 13
1
0
0
0
0
0
0
0
0
0
0
0
0
0
0
19125129
20010415
Do Thanh Tung
2001 04 15
1
0
0
0
0
0
0
0
0
0
0
0
0
0
0
19125130
20010913
Mai Thi Cam Van
2001 09 13
1
0
0
0
0
0
0
0
0
0
0
0
0
0
0
19125131
20010911
Le Dac Vien
2001 09 11
1
0
0
0
0
0
0
0
0
0
0
0
0
0
0
19125132
19950112
Pham Dang Quang Vinh
1995 01 12
1
0
0
0
0
0
0
0
0
0
0
0
0
0
0
19125135
20010119
Le Thanh Danh
2001 01 19
1
0
0
0
0
0
0
0
0
0
0
0
0
0
0
19125136
20010228
Le Thi Kim My
2001 02 28
1
0
0
0
0
0
0
0
0
0
0
0
0
0
0
18125146
20000810
Nguyen Minh Thu
2000 08 10
1
0
0
0
0
0
0
0
0
0
0
0
0
0
0